1.5881	1.647	1.8898	2.0095	NaN	NaN	NaN	NaN	NaN
1.577	1.6603	1.9902	1.9306	NaN	NaN	NaN	NaN	NaN
1.543	1.6252	2.1884	1.658	1.5923	NaN	NaN	NaN	NaN
1.4707	1.6457	2.1595	1.6343	1.6412	NaN	NaN	NaN	NaN
1.4754	1.9523	2.0084	1.7036	1.7167	NaN	NaN	NaN	NaN
1.6723	2.352	1.7689	1.7064	1.6947	NaN	NaN	NaN	NaN
2.0775	2.6702	1.6955	1.7292	1.8461	NaN	NaN	NaN	NaN
2.4437	2.3098	1.6338	1.7245	1.9748	NaN	NaN	NaN	NaN
2.1657	1.6437	1.5823	1.6917	2.259	NaN	NaN	NaN	NaN
1.6002	1.4526	1.5279	1.6893	2.2127	NaN	NaN	NaN	NaN
1.3632	1.4058	1.4943	1.9192	1.9957	NaN	NaN	NaN	NaN
1.3784	1.4237	1.5172	2.1776	1.6513	NaN	NaN	NaN	NaN
1.384	1.428	1.5993	2.1603	1.45	NaN	NaN	NaN	NaN
1.3455	1.368	1.7756	1.8189	1.4427	NaN	NaN	NaN	NaN
1.2419	1.2932	1.9138	1.4695	1.4059	NaN	NaN	NaN	NaN
1.2063	1.4738	1.9941	1.3731	1.4052	NaN	NaN	NaN	NaN
1.3681	1.7905	1.7772	1.4209	1.4557	NaN	NaN	NaN	NaN
1.7019	2.1004	1.5709	1.4775	1.55	NaN	NaN	NaN	NaN
1.9832	2.1628	1.4385	1.4609	1.6602	NaN	NaN	NaN	NaN
2.0559	1.7042	1.3873	1.4237	1.8283	NaN	NaN	NaN	NaN
1.7535	1.3511	1.2998	1.3844	1.9245	NaN	NaN	NaN	NaN
1.2255	1.2022	1.2269	1.458	1.8534	1.334	1.336	NaN	NaN
1.1615	1.1898	1.2575	1.6489	1.5144	1.2884	1.3143	NaN	NaN
1.2523	1.2437	1.3611	1.8432	1.346	1.3095	NaN	NaN	NaN
1.3767	1.3251	1.5766	1.879	1.3757	1.406	1.6275	NaN	NaN
1.5828	1.4974	1.8444	1.65	1.4622	1.513	1.8785	NaN	NaN
1.5783	1.5722	2.0694	1.5384	1.5113	1.5714	2.1138	NaN	NaN
1.7383	1.7988	2.1105	1.5252	1.5704	1.7783	2.1625	NaN	NaN
1.9094	2.0095	1.8707	1.6284	1.6922	1.9816	1.83	NaN	NaN
2.3004	2.3737	1.774	1.7144	1.8094	2.205	1.7028	NaN	NaN
2.3855	2.2431	1.6618	1.6685	1.9609	2.1434	1.6586	NaN	NaN
2.3141	1.8782	1.6241	1.6711	2.1392	1.8749	1.6605	NaN	NaN
1.9553	1.6094	1.5602	1.6545	2.0821	1.6791	1.6514	NaN	NaN
1.6007	1.5472	1.5932	1.8004	2.0413	1.6306	1.6678	NaN	NaN
1.7522	1.7098	1.7411	2.1073	1.9332	1.7674	1.8261	NaN	NaN
1.9779	1.8518	1.8441	2.251	1.8252	1.8209	1.8839	NaN	NaN
2.341	2.2443	2.3268	2.4535	2.0955	2.1267	2.2308	NaN	NaN
2.1998	2.1694	2.4483	2.2647	2.0696	2.0986	2.3567	NaN	NaN
2.1485	2.2606	2.6092	2.2175	2.186	2.262	2.613	NaN	NaN
2.107	2.2576	2.4716	2.1577	2.1899	2.4016	2.5798	NaN	NaN
2.3223	2.4612	2.3358	2.1833	2.2331	2.5094	2.4008	NaN	NaN
2.2377	2.457	2.1963	2.1728	2.2551	2.5561	2.3055	NaN	NaN
2.2094	2.3312	2.1289	2.1359	2.2778	2.453	2.2562	NaN	NaN
2.3463	2.1788	2.09	2.1203	2.3448	2.2936	2.2181	NaN	NaN
2.0425	1.914	1.9226	2.0165	2.2884	2.0819	2.0835	NaN	NaN
2.2556	2.044	1.996	2.129	2.2882	2.0583	2.0644	NaN	NaN
2.3553	2.1685	2.1437	2.3183	2.2461	2.1358	2.1706	NaN	NaN
2.1093	2.1189	2.163	2.3756	2.1681	2.1684	2.2369	NaN	NaN
2.1116	2.1397	2.2117	2.3357	2.1294	2.1559	2.2759	NaN	NaN
1.9419	2.0383	2.2398	2.1956	2.0991	2.1289	2.3234	NaN	NaN
2.0803	2.1506	2.3449	2.1662	2.1312	2.1851	2.4153	NaN	NaN
1.9538	2.0631	2.261	2.0808	2.0849	2.1762	2.3451	NaN	NaN
1.6745	1.9967	2.1084	2.0414	2.0586	2.2308	2.2511	NaN	NaN
1.5762	2.0573	1.975	1.9522	1.995	2.2736	2.1312	NaN	NaN
1.7216	2.0374	1.9158	1.9312	2.0214	2.2121	2.0572	NaN	NaN
1.7719	1.8737	1.8189	1.835	1.9938	2.0044	1.9211	NaN	NaN
1.7024	1.6977	1.6898	1.7282	1.9582	1.8396	1.7937	NaN	NaN
1.4321	1.4825	1.5718	1.6798	1.8608	1.7012	1.7152	NaN	NaN
1.4355	1.4831	1.6007	1.7842	1.7989	1.7071	1.7229	NaN	NaN
1.5342	1.6399	1.7097	1.9262	1.8213	1.808	1.8542	NaN	NaN
1.6577	1.7425	1.7979	1.9518	1.8159	1.8438	1.8886	NaN	NaN
1.7043	1.7995	1.9262	1.9325	1.8427	1.8591	1.9633	NaN	NaN
1.6311	1.7125	1.9059	1.8198	1.7915	1.8158	1.9823	NaN	NaN
1.4822	1.5799	1.8551	1.7327	1.7672	1.8333	1.9896	NaN	NaN
1.5425	1.7351	1.807	1.7318	1.755	1.8784	1.9061	1.782	NaN
1.6585	1.8777	1.7712	1.7239	1.7437	1.8956	1.7907	1.768	1.7778
1.7859	1.8934	1.712	1.7188	1.7616	1.8969	1.7193	NaN	NaN
1.9611	1.8588	1.714	1.7307	1.8522	1.8292	1.7349	1.7728	1.955
2.4599	1.9956	1.7543	1.77	1.9484	1.8008	1.7716	1.7818	1.9533
2.5033	1.9642	1.8185	1.881	2.054	1.8696	1.8846	NaN	NaN
2.4589	2.0561	1.9037	2.0104	2.0289	1.8954	1.914	2.16	2.031
2.3534	2.1007	1.9776	2.1753	2.0004	1.9185	1.939	2.1326	2.0171
2.3093	2.2773	2.2171	2.342	1.9414	1.9366	1.9806	2.1237	1.8779
2.2835	2.3078	2.3153	2.2581	1.9716	1.9652	2.0835	2.1257	1.9318
2.5446	2.5729	2.6186	2.2923	2.0603	2.009	2.2024	2.0229	1.9547
2.5219	2.4855	2.5189	2.1403	2.0605	2.0563	2.2034	1.9579	1.9579
2.0479	2.2103	2.2163	2.0135	2.0125	2.0988	2.1064	1.9398	1.9398
1.9042	2.2691	2.1223	1.9416	1.9325	2.113	1.9758	1.9318	1.9318
2.4812	2.5723	2.117	2.0126	2.0249	2.149	1.9722	1.9702	1.9831
3.0234	2.5719	2.0838	2.0697	2.1581	2.151	1.9907	1.9805	2.0723
3.6751	2.8415	2.2028	2.1978	2.392	2.2578	2.1569	2.1581	2.3477
3.1124	2.404	2.1625	2.1763	2.3945	2.1741	2.1386	2.1626	2.3542
2.0561	1.9921	2.0168	2.1742	2.2179	1.9998	2.0032	2.1376	2.1996
1.8996	1.9783	2.0059	2.2834	2.1099	1.9943	2.0251	2.2905	2.1448
2.0021	2.0721	2.1211	2.3887	2.0893	2.0163	2.0502	2.3044	2.0445
2.2539	2.2634	2.3639	2.402	2.0752	2.0617	2.2314	2.2873	2.053
2.1625	2.1677	2.4428	2.2595	2.0629	2.0626	2.3065	2.1689	2.0437
2.1343	2.1404	2.4297	2.1165	2.065	2.0846	2.3155	2.0674	2.055
2.4661	2.5953	2.5213	2.1104	2.0847	2.2231	2.2621	2.0787	2.0844
2.8733	3.0431	2.4377	2.1595	2.1609	2.456	2.2574	2.151	2.1491
3.2439	3.2367	2.3376	2.237	2.2756	2.5631	2.2354	2.1943	2.2246
3.0876	2.8121	2.2207	2.2133	2.4042	2.4562	2.1448	2.1548	2.3241
2.406	2.2867	2.185	2.2067	2.5092	2.3155	2.1824	2.1907	2.4764
2.1011	2.11	2.1576	2.2401	2.4992	2.1872	2.1729	2.2288	2.5166
2.2634	2.3129	2.3422	2.5094	2.5077	2.2495	2.2604	2.4346	2.4737
2.254	2.3125	2.3539	2.6245	2.3938	2.2411	2.253	2.5312	2.3446
2.4651	2.5241	2.555	2.7711	2.3283	2.2893	2.3347	2.5922	2.2702
2.1577	2.2518	2.4955	2.5154	2.2555	2.2766	2.456	2.4685	2.2326
2.1686	2.234	2.6553	2.4476	2.3044	2.3278	2.5877	2.3634	2.2466
2.1479	2.2201	2.6659	2.3208	2.2916	2.3531	2.6185	2.2901	2.2732
1.8555	2.1683	2.4418	2.2349	2.2322	2.4163	2.4562	2.2149	2.2362
2.0409	2.4799	2.3095	2.1576	2.164	2.4607	2.2756	2.1591	2.1749
2.214	2.5505	2.213	2.1679	2.2166	2.5062	2.1903	2.1661	2.2122
2.3216	2.38	2.1723	2.18	2.3714	2.4194	2.1896	2.1972	2.3787
1.928	1.954	1.9662	2.0195	2.3674	2.2194	2.1196	2.1438	2.4468
1.8319	1.8606	1.9293	2.0332	2.3542	2.1177	2.1224	2.1652	2.4584
1.7611	1.8203	1.911	2.1763	2.3061	2.1351	2.1656	2.3297	2.4089
1.801	1.8578	1.941	2.3583	2.2407	2.1382	2.1617	2.4528	2.3213
2.1619	2.2023	2.2629	2.5942	2.2397	2.2275	2.2782	2.5787	2.2953
2.272	2.3151	2.5287	2.5965	2.3056	2.3253	2.5213	2.6008	2.3679
2.3463	2.3935	2.7153	2.4933	2.3211	2.3476	2.6758	2.4871	2.3543
2.3093	2.3799	2.742	2.3723	2.3242	2.3858	2.6996	2.377	2.3594
2.802	2.9484	2.8797	2.4422	2.4343	2.6308	2.6777	2.4223	2.4295
2.6366	2.9774	2.663	2.4957	2.5344	2.8569	2.6129	2.4818	2.5027
2.8836	3.0555	2.5714	2.5474	2.6243	2.8833	2.4906	2.4844	2.5478
2.5496	2.5864	2.4302	2.4896	2.6807	2.6922	2.4344	2.4708	2.6625
2.4239	2.403	2.3926	2.452	2.73	2.518	2.4112	2.44	2.7282
2.3854	2.3962	2.4427	2.5085	2.7502	2.4309	2.4292	2.4918	2.7474
2.6142	2.5919	2.6263	2.7994	2.7694	2.5028	2.524	2.7011	2.7152
2.8283	2.8683	2.8958	3.1361	2.8364	2.6789	2.7059	2.9603	2.7182
3.0288	3.0588	3.08	3.2582	2.7962	2.766	2.8035	3.0162	2.6703
3.5964	3.6125	3.7269	3.6217	3.1745	3.1691	3.2979	3.2509	2.9259
4.3034	4.258	4.3859	3.8715	3.4752	3.4462	3.6315	3.3152	3.0601
3.9721	3.9817	4.1129	3.569	3.4781	3.4821	3.6636	3.2235	3.1531
4.4608	4.526	4.2848	3.7325	3.6952	3.7693	3.6609	3.3098	3.2844
5.1413	5.3387	4.7273	4.3534	4.3141	4.5121	4.0389	3.7169	3.7257
5.08	5.1519	4.4797	4.3786	4.3905	4.5968	4.01	3.9517	3.9896
5.7406	5.4557	4.5262	4.4918	4.5805	4.4422	4.0317	4.029	4.1686
8.651	7.3134	5.1572	5.0894	5.2336	4.6137	4.1792	4.1743	4.3503
7.8259	6.0279	5.6015	5.5688	5.781	4.5424	4.3974	4.4347	4.6564
5.6803	5.4275	5.4692	5.535	5.3817	4.4206	4.4389	4.5603	4.5468
5.1979	5.289	5.3236	5.5492	4.9856	4.5375	4.5638	4.7768	4.4655
5.1895	5.2943	5.359	5.6368	4.6792	4.619	4.6305	4.8622	4.1793
4.2445	4.3848	4.6317	4.7243	4.155	4.27	4.442	4.4562	3.9677
3.7884	3.9206	4.3881	4.115	3.7504	3.8318	4.1269	3.8922	3.6426
3.1671	3.31	3.9237	3.5135	3.6106	3.6863	4.0585	3.5805	3.6601
2.9292	3.2531	3.5723	3.3636	3.4837	3.663	3.7805	3.4699	3.5702
2.2458	2.9203	2.9833	2.9834	3.0614	3.4211	3.2484	3.1419	3.1869
2.618	3.0658	2.9247	3.0404	3.1164	3.5969	3.2743	3.3451	3.4058
2.7913	3.0223	2.9929	3.1126	3.3612	3.5701	3.3751	3.4683	3.6875
2.6864	2.7507	2.8327	2.9156	3.3076	3.2126	3.1154	3.1947	3.5021
2.1906	2.2529	2.4618	2.5658	3.0729	2.8392	2.9362	3.0253	3.381
2.2702	2.3909	2.5647	2.8598	3.0819	2.9027	3.0274	3.2252	3.3709
3.0138	3.0866	3.1672	3.6839	3.5496	3.4095	3.4709	3.8535	3.6617
3.4104	3.4765	3.5272	4.0045	3.5285	3.5638	3.6127	4.0217	3.4958
3.5636	3.6715	3.9842	4.1877	3.8163	3.898	4.1045	4.2467	3.7604
3.2594	3.3435	3.9106	3.8266	3.7137	3.7845	4.1968	3.9627	3.7198
2.9424	3.0262	3.7402	3.5996	3.6678	3.7701	4.1735	3.7244	3.786
3.0922	3.4615	3.809	3.6705	3.7291	3.9335	4.0235	3.667	3.7149
3.57	4.0949	3.9706	3.8501	3.8846	4.2206	3.9543	3.7127	3.7327
4.0884	4.348	3.9177	3.9211	3.9447	4.2943	3.759	3.7325	3.7641
4.0401	4.0782	3.8233	3.8814	4.0408	4.1109	3.6717	3.694	3.8989
4.8381	4.64	4.2521	4.2521	4.55	4.2537	3.8808	3.884	4.227
5.3814	5.0108	4.809	4.7778	5.0629	4.3552	4.1855	4.1947	4.501
6.6576	5.5923	5.3058	5.4078	5.4368	4.4554	4.3603	4.5602	4.6621
5.7863	5.4419	5.3247	5.5486	5.2149	4.4635	4.4513	4.8481	4.5588
5.3587	5.4655	5.4333	5.6713	4.7711	4.589	4.5788	4.9818	4.3944
5.9267	6.042	6.1216	6.1239	4.9418	4.8882	5.0456	5.1982	4.606
5.9258	6.0216	6.335	6.0076	5.082	5.0645	5.4481	5.2438	4.7599
5.0342	5.097	5.5985	4.8482	4.715	4.7595	5.1657	4.5907	4.4866
4.9787	5.257	5.5132	4.8327	4.8364	5.019	5.1851	4.5925	4.5562
4.6671	5.1557	5.1462	4.7118	4.7072	5.0387	4.876	4.4819	4.4884
4.9869	5.481	4.8353	4.75	4.7687	5.1677	4.5879	4.5184	4.5673
4.7782	5.0239	4.6054	4.6522	4.8288	5.0699	4.49	4.5413	4.7494
6.4688	6.0738	4.9612	4.9647	5.3167	5.1312	4.5895	4.6072	5.0025
6.2728	5.5178	5.3483	5.3658	5.8352	4.9994	4.9522	4.9976	5.4282
5.363	5.2411	5.2831	5.4505	5.6679	4.9005	4.9574	5.1381	5.3353
5.5429	5.6678	5.6932	6.0453	5.8314	5.1613	5.161	5.5308	5.3511
5.766	5.9078	5.944	6.377	5.4101	5.3155	5.3196	5.7564	5.0264
6.3987	6.5006	6.6609	6.8608	5.6725	5.7122	5.8801	6.0824	5.2509
6.3315	6.3999	6.848	6.6826	5.8955	5.91	6.2724	6.0706	5.34
6.0531	6.1772	6.876	6.0461	5.9763	6.0154	6.4658	5.5748	5.4793
5.4718	6.2292	6.8563	6.013	6.0705	6.3212	6.5836	5.6051	5.6535
5.2199	6.594	6.671	6.0433	6.0833	6.5735	6.412	5.6377	5.6681
7.3713	8.82	7.0348	6.8356	6.8752	7.6041	6.287	6.1465	6.2026
7.6086	8.247	6.7874	6.8569	7.1842	7.6344	6.2399	6.2983	6.6476
6.828	6.8534	6.4146	6.4549	7.0978	6.9714	6.0308	6.0546	6.6529
6.1863	6.1596	6.2595	6.3087	7.1829	6.0167	5.9513	6.0198	6.7857
6.2031	6.3428	6.4929	6.8931	7.3666	6.1376	6.2169	6.5464	6.9727
7.0455	7.2456	7.3645	8.0937	7.9907	6.8075	6.839	7.4638	7.3552
7.1505	7.3426	7.5171	8.4664	7.1938	7.132	7.1982	8.0096	6.7004
6.4861	6.6313	7.2754	7.9628	6.7514	6.8739	7.2641	7.7297	6.435
7.2067	7.3085	8.3859	8.4463	7.3929	7.4661	8.1836	8.1251	6.988
7.5792	7.7277	9.0645	7.8253	7.7905	7.8885	8.7723	7.4465	7.404
9.4278	9.8852	10.482	8.5353	8.6463	9.0456	9.5684	7.8907	7.9916
12.111	13.024	12.497	9.8733	9.9332	10.772	10.557	8.7541	8.8101
13.455	14.178	10.769	10.443	10.524	11.638	9.0254	8.7555	8.8428
11.696	12.274	9.9744	10.091	10.649	11.343	8.654	8.7657	9.3251
13.425	13.353	10.678	10.753	11.752	11.568	9.2981	9.39	10.468
9.136	9.2029	9.4036	9.6477	11.402	9.3394	9.2872	9.4713	10.989
7.5206	7.8404	8.1711	9.3435	10.657	8.5686	8.7669	9.5233	10.453
6.9793	7.3359	7.7543	10.113	10.398	8.7508	8.906	10.205	10.209
7.2641	7.7	8.4257	11.5	9.4356	9.4193	9.6655	11.348	8.8022
6.3728	6.9081	9.0656	11.011	8.8678	9.2062	10.29	11.447	8.3738
6.3852	6.9288	9.8919	10.137	8.2854	8.6155	10.297	10.254	7.7345
6.2161	6.8299	10.378	8.3722	8.4087	8.8431	10.865	8.0019	7.9806
6.9893	9.1147	11.151	8.4471	8.71	9.9148	11.239	7.8089	8.0592
5.2186	8.3338	8.7254	7.6044	7.882	9.4847	9.4943	7.4202	7.6654
6.6336	8.2516	7.5996	7.7658	7.9984	9.3525	7.7701	7.7779	7.9692
7.9822	8.4218	7.8566	8.0799	8.7249	9.3689	7.7855	7.9685	8.4735
7.1613	7.3241	7.4162	7.6739	8.9635	8.9208	7.7318	7.9353	8.8491
6.7994	6.9155	7.1663	7.4925	8.9497	7.5387	7.5822	7.8171	8.86
7.5466	7.6724	7.9382	8.6865	9.4045	7.5798	7.7572	8.3933	8.989
7.2216	7.4805	7.7705	9.1494	9.055	7.7519	7.9377	8.9659	8.8266
7.6291	7.9162	8.2353	9.822	8.1632	8.2079	8.4649	9.6141	7.8439
7.8217	8.0942	9.0028	9.9113	8.2725	8.503	9.148	9.8087	7.9582
7.5037	7.7258	9.355	9.3771	8.3118	8.5341	9.6192	9.4834	8.1142
6.3991	6.7631	8.7418	7.8557	8.0016	8.2866	9.4508	7.9814	8.0538
6.137	7.2847	8.4295	7.6868	7.9302	8.5874	9.2569	7.8858	8.0852
6.1888	7.7184	7.8541	7.6097	7.7926	8.7625	8.6669	7.8427	7.989
7.2236	8.2018	7.6993	7.895	8.0778	9.0969	7.9642	8.0224	8.1765
7.7785	8.1475	7.7811	8.0049	8.5187	9.1408	7.9671	8.1339	8.5628
7.1788	7.2866	7.4471	7.6529	8.5587	8.5119	7.9618	8.106	8.8076
7.9915	7.9435	8.1401	8.3135	9.0832	8.0829	8.2064	8.3484	9.0204
8.6423	8.7135	8.9065	9.3058	9.7722	8.3426	8.51	8.8797	9.3541
9.6243	9.7754	9.9274	10.592	10.329	8.8605	8.9899	9.6876	9.5059
10.288	10.502	10.655	11.448	9.4183	9.4024	9.5612	10.333	8.8065
11.382	11.589	11.966	12.447	10.235	10.435	10.81	11.284	9.5638
12.785	12.913	13.555	13.203	11.148	11.311	11.996	11.717	10.07
11.068	11.261	12.13	10.498	10.543	10.736	11.595	9.6883	9.719
8.301	8.8151	9.413	8.8337	9.0973	9.5504	10.053	8.6844	8.917
7.4859	8.1701	8.2673	8.2153	8.438	9.1988	9.0802	8.3175	8.5099
6.7295	7.2552	7.1179	7.4112	7.6318	8.4979	7.6063	7.7567	7.9612
6.6989	6.8636	6.8698	7.1916	7.7155	8.2554	7.4949	7.767	8.1852
5.7878	5.8426	6.0702	6.3418	7.2977	7.3274	6.9531	7.1701	7.869
5.071	5.1276	5.4311	5.7558	7.0143	6.4875	6.7002	6.9332	7.7825
4.3719	4.4994	4.8455	5.571	6.3358	5.9559	6.2445	6.7422	7.2919
4.0021	4.2104	4.4863	5.6544	5.7788	5.655	5.8663	6.6668	6.6325
3.5614	3.8394	4.218	5.7496	5.5262	5.8157	6.0472	6.9921	6.3794
3.9323	4.1667	5.1044	6.0631	5.9092	6.2212	6.7238	7.2661	6.6297
3.9367	4.2511	5.811	6.0528	6.088	6.3484	7.2014	7.1811	6.8068
3.5508	3.9735	5.5613	5.4606	5.7285	6.0181	6.9322	6.2817	6.4455
3.3058	4.5684	5.5834	5.5751	5.8835	6.4932	7.0323	6.3614	6.596
3.4604	5.1223	5.397	5.5466	5.827	6.7681	6.7378	6.3267	6.5169
4.7796	5.8292	5.7968	6.0036	6.3206	7.2316	6.472	6.5693	6.797
4.6288	5.0159	5.1224	5.4025	6.0795	6.6087	6.0177	6.203	6.6719
5.3446	5.4006	5.5165	5.7147	6.5872	6.5633	6.1433	6.3024	6.9726
5.5989	5.5316	5.7226	5.9496	6.7769	6.0249	6.1113	6.3244	7.0281
5.214	5.2704	5.4768	5.9438	6.3998	5.7873	5.9494	6.3729	6.7775
4.3	4.4426	4.6435	5.4937	5.5217	5.2968	5.4511	6.1227	6.0413
4.0836	4.2987	4.5814	5.5292	5.1871	5.3115	5.5112	6.233	5.5401
4.154	4.3227	4.9191	5.4664	5.2337	5.4015	5.8151	6.2118	5.6165
4.7838	4.8765	5.503	5.4823	5.2996	5.4306	6.003	5.9011	5.5303
4.59	4.6582	5.3267	5.0174	5.1372	5.3031	5.9211	5.3	5.3977
4.2178	4.4947	4.8576	4.6909	4.849	5.2037	5.5574	5.1229	5.2386
3.8968	4.3493	4.4423	4.4648	4.6059	5.2418	5.2159	4.999	5.1097
3.5996	4.176	4.1331	4.2996	4.4673	5.2197	4.8531	4.9398	5.089
4.0408	4.2111	4.1924	4.345	4.7064	5.1091	4.8116	4.9262	5.237
4.2818	4.2896	4.3578	4.4752	5.0263	4.9905	4.8454	4.9371	5.4291
4.4983	4.4909	4.6286	4.7305	5.2267	4.8664	4.9356	5.0465	5.5186
4.0355	4.1424	4.2865	4.546	4.8649	4.6767	4.7711	5.0028	5.2848
4.0692	4.2066	4.3283	4.8107	4.8478	4.7867	4.8671	5.2957	5.2786
4.2716	4.4058	4.5216	5.03	4.8059	4.9092	5.0083	5.4997	5.1656
4.3361	4.4363	4.6785	4.9721	4.7995	4.9064	5.1383	5.4206	5.1334
4.516	4.5656	4.9135	4.9209	4.8321	4.9129	5.3041	5.277	5.0957
4.3533	4.37	4.7711	4.6448	4.7374	4.8284	5.2917	4.9714	5.0571
3.9836	4.1367	4.4385	4.3989	4.4993	4.721	5.041	4.841	4.931
3.849	4.1745	4.276	4.3342	4.4081	4.8751	4.8949	4.8178	4.8816
3.624	4.0018	3.9763	4.0945	4.1681	4.7171	4.5242	4.6112	4.6737
3.5577	3.6938	3.7395	3.8545	4.0584	4.4147	4.3018	4.3854	4.5546
3.2463	3.3109	3.4545	3.5394	4.004	4.0683	4.0541	4.1196	4.4941
2.7078	2.8517	3.0344	3.1205	3.6697	3.6	3.6945	3.7601	4.1754
2.5259	2.7905	2.982	3.242	3.6511	3.6357	3.7315	3.8867	4.1524
2.2956	2.5092	2.6808	3.2892	3.4054	3.4757	3.5363	3.8994	3.9262
2.0482	2.2736	2.4975	3.2493	3.2236	3.374	3.4497	3.8928	3.6983
2.4934	2.6238	3.0105	3.4577	3.4533	3.5626	3.7395	4.01	3.8
2.4982	2.5763	3.2096	3.334	3.395	3.4625	3.8486	3.8382	3.7314
2.9632	2.9944	3.5583	3.5125	3.616	3.6833	4.1099	3.8646	3.946
2.8074	3.0337	3.4323	3.4415	3.5427	3.7066	3.9821	3.8063	3.8843
2.9177	3.3324	3.4714	3.5536	3.6179	3.9623	3.9691	3.8986	3.9587
3.4996	3.9107	3.848	3.9453	4.0074	4.3856	4.1108	4.1707	4.2355
3.6873	3.8082	3.8	3.8941	4.0533	4.3045	4.0666	4.1333	4.2726
3.4441	3.4875	3.6009	3.6758	4.0134	4.0359	3.9663	4.0223	4.3298
3.35	3.4033	3.5661	3.6429	4.0543	3.9112	3.989	4.0534	4.408
3.3142	3.4312	3.5646	3.7369	4.015	3.9174	3.9934	4.1343	4.3722
3.7729	3.8519	3.9131	4.1831	4.1613	4.0739	4.1244	4.411	4.3593
4.1612	4.2452	4.2675	4.5527	4.1218	4.174	4.2158	4.544	4.1425
4.068	4.1341	4.2346	4.4317	4.1321	4.2134	4.3205	4.5333	4.1768
3.8062	3.8245	4.0784	4.0919	4.0103	4.0578	4.3259	4.2979	4.1041
3.6413	3.6667	3.9765	3.8657	3.9492	3.9943	4.3067	4.0312	4.1045
3.4127	3.5694	3.8192	3.757	3.8351	3.9524	4.167	3.9517	4.0261
3.6181	3.8582	3.8983	3.8857	3.9286	4.1863	4.1597	4.0181	4.062
3.6543	3.8752	3.8132	3.8968	3.9251	4.2213	3.9517	4.0105	4.0498
3.6398	3.6942	3.6955	3.7766	3.8563	4.0369	3.8553	3.9126	4.0016
4.2765	4.2491	4.1304	4.154	4.3399	4.2939	4.0518	4.078	4.267
4.5525	4.193	4.2095	4.22	4.4473	4.0051	4.018	4.0491	4.305
5.1628	4.5562	4.5878	4.6288	4.7593	3.984	4.0186	4.0939	4.3472
4.4859	4.4837	4.4828	4.6535	4.5226	4.0637	4.0593	4.2948	4.3076
4.6084	4.6582	4.6441	4.8599	4.1801	4.1779	4.1747	4.4752	4.102
4.5356	4.5316	4.5551	4.6756	4.0973	4.1337	4.2019	4.4388	4.1229
4.5938	4.5788	4.687	4.5678	4.1477	4.153	4.3665	4.3679	4.1744
4.0247	4.0375	4.2164	3.8707	3.9205	3.9369	4.2831	3.9758	4.0405
3.8994	4.0023	4.1405	3.8123	3.8822	3.9992	4.2264	3.9434	4.005
3.9208	4.06	4.0205	3.8279	3.8553	4.1389	4.1374	3.9695	3.9937
3.8011	3.9589	3.6721	3.7177	3.7574	4.1041	3.8207	3.878	3.906
4.2345	4.2986	3.7264	3.7723	3.889	4.1169	3.7981	3.8512	3.9511
3.5086	3.4959	3.37	3.4008	3.7233	3.7793	3.642	3.67	3.9684
2.9293	2.8832	2.9971	3.0296	3.4465	3.2636	3.3432	3.3672	3.7699
2.7549	2.8065	2.9073	3.0444	3.3086	3.1373	3.2232	3.3243	3.637
2.7469	2.8207	2.885	3.1648	3.1965	3.1082	3.1417	3.433	3.4864
2.5913	2.6897	2.7655	3.1438	2.9594	3.0412	3.0792	3.4745	3.1943
2.856	2.9197	3.0712	3.3036	3.0913	3.1579	3.2666	3.522	3.2169
2.7692	2.807	3.1464	3.1862	3.0797	3.1216	3.3894	3.4137	3.2268
2.8081	2.8514	3.2331	3.04	3.102	3.1493	3.5	3.1853	3.252
2.7535	2.8833	3.1194	2.925	2.9922	3.1113	3.3529	3.0431	3.1072
2.6389	2.8748	2.9323	2.8447	2.8863	3.1601	3.1674	2.9762	3.0159
2.385	2.7334	2.6198	2.7169	2.759	3.0985	2.8255	2.8972	2.9369
2.2799	2.466	2.4871	2.5878	2.7036	2.9405	2.7187	2.8145	2.9262
2.0435	2.1555	2.3363	2.4154	2.6915	2.7405	2.6649	2.7169	2.9698
2.2334	2.3009	2.4583	2.5121	2.8579	2.6278	2.7124	2.7489	3.0515
1.9295	2.0677	2.2305	2.3951	2.6854	2.5017	2.5872	2.689	2.8835
1.8121	2.0108	2.1795	2.6734	2.7317	2.6294	2.6717	2.9072	2.8916
2.0144	2.2305	2.4001	2.991	2.7344	2.8105	2.8481	3.156	2.7771
2.0834	2.3115	2.6681	3.0546	2.8199	2.8953	3.0063	3.2064	2.8216
2.6238	2.696	3.1695	3.2014	2.9709	2.9959	3.2271	3.1938	2.8777
2.7614	2.7975	3.3403	3.0335	3.078	3.093	3.3719	2.8747	2.9011
2.7223	2.9303	3.2645	2.959	3.0254	3.099	3.283	2.7999	2.8617
2.9029	3.1933	3.2441	3.0265	3.0436	3.2507	3.1799	2.8048	2.8257
3.0743	3.4526	3.1885	3.2104	3.2136	3.4795	2.8797	2.8749	2.9058
2.8729	3.0484	2.9925	3.0594	3.1214	3.306	2.7965	2.8315	2.909
3.5837	3.5425	3.4152	3.4096	3.5829	3.4361	2.8713	2.8692	3.079
3.2912	3.2935	3.3775	3.3788	3.6115	2.9288	2.9135	2.9079	3.185
2.9067	3.0666	3.1937	3.2703	3.4433	2.8296	2.8734	2.9331	3.1337
2.9924	3.1396	3.2113	3.4031	3.3148	2.8483	2.8562	3.066	3.0538
3.1895	3.3443	3.3799	3.6211	2.9369	2.9213	2.9258	3.2086	2.7194
3.2356	3.3463	3.4153	3.56	2.8807	2.9345	2.9906	3.1794	2.6776
2.9936	3.0126	3.2531	3.2139	2.8645	2.8779	3.0847	3.0452	2.7121
2.9551	2.9885	3.2947	2.8457	2.8652	2.8719	3.1294	2.6732	2.6965
2.9052	3.0227	3.2406	2.8508	2.9007	2.9595	3.1314	2.682	2.7301
3.0059	3.2292	3.2497	2.9389	2.9441	3.1517	3.1	2.7545	2.7671
2.9126	3.2004	2.9394	2.9765	2.9887	3.2517	2.7734	2.7791	2.7945
3.0589	3.1465	2.9135	2.971	3.0461	3.2134	2.7448	2.7863	2.869
2.7761	2.7374	2.7167	2.742	2.9676	2.941	2.6793	2.6911	2.9174
3.1606	2.8026	2.8644	2.8669	3.1143	2.6872	2.7076	2.721	3.003
2.6624	2.6988	2.7794	2.8469	3.0162	2.6403	2.704	2.7866	2.9982
2.6994	2.7814	2.827	3.0128	2.9341	2.6724	2.696	2.9164	2.8768
2.7242	2.8032	2.823	3.067	2.6411	2.6702	2.6952	2.9786	2.6187
2.8293	2.8647	2.906	3.0325	2.5692	2.6334	2.7125	2.904	2.5403
2.9425	2.9211	3.0859	2.9981	2.6536	2.677	2.8841	2.8158	2.5568
2.7893	2.7835	3.0203	2.6162	2.654	2.6652	2.9341	2.5185	2.5504
2.9081	2.948	3.0741	2.6404	2.6996	2.7597	2.9148	2.4829	2.5403
2.896	2.9778	2.8589	2.619	2.6343	2.8275	2.7395	2.5075	2.5265
3.208	3.3178	2.7161	2.7407	2.7465	3.0142	2.5457	2.5731	2.5851
4.0934	3.9405	2.7165	2.7593	2.8121	2.9725	2.4807	2.5707	2.6511
3.9253	3.5988	2.8382	2.834	3.0596	2.871	2.5263	2.5476	2.8106
3.1003	2.7797	2.8501	2.8543	3.1432	2.5817	2.5871	2.6052	2.9373
2.6826	2.7154	2.8171	2.8872	3.0271	2.561	2.6124	2.6837	2.8695
2.8047	2.863	2.9162	3.1113	2.9522	2.6185	2.6276	2.849	2.7444
2.6031	2.6974	2.7489	3.0424	2.595	2.6239	2.6393	2.9421	2.5224
2.5924	2.6312	2.7525	2.939	2.5487	2.6208	2.6969	2.8921	2.488
2.3303	2.3076	2.6386	2.6274	2.4844	2.5231	2.7801	2.7132	2.498
2.3031	2.3205	2.699	2.3942	2.459	2.4865	2.8105	2.426	2.4706
2.1743	2.2619	2.5135	2.265	2.3512	2.4405	2.6672	2.3059	2.386
2.5196	2.7134	2.6193	2.3792	2.4032	2.6524	2.566	2.3348	2.3658
2.3393	2.6162	2.2751	2.3517	2.3771	2.7218	2.2907	2.34	2.3682
2.6314	2.6442	2.329	2.4205	2.5203	2.7278	2.3027	2.377	2.4736
2.2882	2.222	2.2475	2.2989	2.5837	2.5167	2.3096	2.345	2.619
2.03	2.0377	2.2143	2.2701	2.6495	2.2702	2.3176	2.339	2.6773
1.8434	1.9197	2.0806	2.265	2.514	2.1831	2.2684	2.366	2.5964
1.7312	1.8731	2.0369	2.524	2.4677	2.2583	2.2936	2.5332	2.4456
1.7593	2.0807	2.2839	2.9435	2.5066	2.5558	2.554	2.8201	2.3115
1.8091	2.0807	2.535	2.9489	2.5155	2.6028	2.6576	2.831	2.2985
1.7009	1.8409	2.7994	2.759	2.5033	2.5348	2.7355	2.6112	2.2964
1.765	1.9712	2.8855	2.4948	2.554	2.5749	2.8443	2.2968	2.3469
2.3435	2.8102	3.1315	2.689	2.7547	2.824	2.978	2.3908	2.4676
2.2802	3.2177	3.1283	2.8145	2.8459	3.0653	2.8844	2.4495	2.4782
2.8362	3.3504	2.8967	2.9256	2.9575	3.236	2.5189	2.5184	2.549
2.8719	2.9554	2.765	2.87	2.9834	3.1258	2.5101	2.5836	2.7096
2.5843	2.5685	2.635	2.7093	2.9327	2.7817	2.4377	2.4668	2.7478
2.6487	2.6436	2.8008	2.8371	3.0973	2.5089	2.518	2.5448	2.8405
2.917	2.8988	2.9977	3.0668	3.1679	2.4886	2.5488	2.6291	2.8085
2.622	2.7201	2.7808	2.9935	2.8048	2.4713	2.4977	2.7616	2.6339
2.683	2.821	2.855	3.1478	2.527	2.5504	2.57	2.8835	2.3917
2.9595	3.0206	3.1042	3.2036	2.5705	2.6377	2.7315	2.8988	2.4051
3.2724	3.2735	3.4539	3.216	2.7985	2.8268	3.051	2.8621	2.5582
3.815	3.7983	4.0027	3.0911	3.0742	3.0931	3.3453	2.6578	2.6894
4.0315	4.1165	4.1644	3.2697	3.3365	3.425	3.5191	2.7929	2.8723
5.1149	5.2652	4.7223	3.7102	3.7355	3.973	3.5843	3.0153	3.0609
5.5706	5.8069	4.0529	4.0101	4.0343	4.3526	3.2837	3.3018	3.3576
5.1202	5.0694	3.989	4.0592	4.1695	4.2475	3.1755	3.2639	3.433
3.8638	3.6716	3.6603	3.7152	4.0402	3.6784	3.1201	3.1735	3.5603
4.2554	3.9081	4.0352	4.0612	4.395	3.261	3.2676	3.3082	3.7174
4.463	4.4157	4.5133	4.6254	4.6711	3.3584	3.4553	3.6117	3.7992
4.9793	5.0591	5.0952	5.331	4.629	3.6517	3.6987	4.0678	3.7383
6.7046	6.8753	6.8601	7.1584	4.4788	4.4194	4.4559	4.9167	3.7654
8.1635	8.2132	8.2195	7.9778	4.7441	4.8123	5.0016	5.1461	3.9563
7.5979	7.5725	7.7484	6.699	5.2305	5.2456	5.7122	5.2196	4.5734
7.187	7.0952	7.3165	4.7621	4.7605	4.8266	5.3408	4.2537	4.3637
8.7795	8.8446	8.4317	5.2403	5.3407	5.557	5.6595	4.5212	4.6933
7.7575	8.0152	6.6438	5.3004	5.35	5.8872	5.2518	4.6011	4.6942
6.0849	6.6689	4.8523	4.9294	5.0135	5.765	4.2483	4.3237	4.4317
6.4298	6.4906	4.8951	5.0482	5.3882	5.5459	4.1833	4.3288	4.7492
5.768	5.0867	4.7643	4.7923	5.4876	4.7799	4.1192	4.1766	5.045
3.4228	3.172	3.5315	3.6207	4.6325	3.5604	3.7384	3.8359	4.9154
2.4375	2.6828	3.0854	3.5867	3.9865	3.2118	3.4351	3.8737	4.3201
2.4078	2.7807	2.9953	3.8732	3.5804	3.447	3.5752	4.4736	4.1833
2.1879	2.5828	2.753	3.8082	3.1279	3.4209	3.5347	4.6558	3.7499
2.2993	2.5321	3.1139	3.6925	3.1074	3.394	3.879	4.4761	3.6957
2.4746	2.5588	3.5256	3.3877	3.2113	3.3275	4.2254	3.9577	3.6624
2.6365	2.7722	3.773	3.1395	3.339	3.4645	4.4451	3.5452	3.7668
2.6451	3.2156	3.7567	3.1626	3.3848	3.8617	4.3844	3.548	3.8106
2.6957	3.4021	3.2521	3.1576	3.2926	4.2132	3.9193	3.6298	3.7685
3.1492	3.6899	3.1391	3.3952	3.5065	4.5106	3.626	3.8676	3.9643
3.0555	3.188	2.9804	3.2599	3.7381	4.3151	3.6292	3.9109	4.3475
2.5389	2.3286	2.555	2.706	3.5869	3.3938	3.2839	3.406	4.1888
2.715	2.3709	2.7316	2.8635	3.9189	3.1412	3.4433	3.5339	4.5033
1.7955	1.9891	2.4397	2.9639	3.5007	2.9966	3.3575	3.7722	4.1734
